520 94 1 a
556 94 1 b
588 94 1 c
622 94 1 d
656 94 1 e
868 94 31 a
904 94 31 b
938 94 31 c
972 94 31 d
1008 94 31 e
520 132 2 a
552 132 2 b
588 134 2 c
624 134 2 d
656 134 2 e
872 134 32 a 
902 134 32 b
938 134 32 c
974 134 32 d
1008 134 32 e
520 172 3 a
556 172 3 b
586 172 3 c
938 172 33 c
622 174 3 d
656 174 3 e
870 174 33 a
902 174 33 b
972 174 33 d
1008 174 33 e
522 212 4 a
554 212 4 b
592 212 4 c
624 212 4 d
656 212 4 e
870 212 34 a
902 212 34 b
938 212 34 c
972 212 34 d
1008 214 34 e
556 250 5 b
624 250 5 d 
656 250 5 e
520 252 5 a
586 252 5 c
870 252 35 a
902 252 35 b
938 252 35 c
974 252 35 d
1008 252 35 e
520 352 6 a 
554 352 6 b
588 352 6 c
622 352 6 d
656 352 6 e
902 352 36 b
870 354 36 a
940 354 36 c
972 354 36 d
1010 354 36 e
520 390 7 a
554 390 7 b
590 390 7 c
658 390 7 e
616 392 7 d
870 392 37 a
904 392 37 b
938 392 37 c
976 392 37 d
1008 394 37 e
520 430 8 a
554 430 8 b
592 430 8 c
870 430 38 a
624 432 8 d
658 432 8 e
904 432 38 b
940 432 38 c
972 432 38 d
1006 434 38 e
520 470 9 a
554 470 9 b
590 470 9 c
622 470 9 d
656 470 9 e
870 470 39 a
938 470 39 b
976 470 39 c
904 472 39 d
1008 472 39 e
518 510 10 a
554 510 10 b 
590 510 10 c
622 510 10 d
656 510 10 e
870 510 40 a
904 510 40 b
940 510 40 c
976 510 40 d
1006 512 40 e
514 608 11 a
554 610 11 b
590 610 11 c
622 610 11 d
658 610 11 e
868 610 41 a
902 610 41 b
1006 610 41 e
936 612 41 c
974 612 41 d
522 648 12 a
554 650 12 b
588 650 12 c
622 650 12 d
658 650 12 e
870 650 42 a
902 650 42 b
940 650 42 c
974 650 42 d
1010 650 42 e
520 688 13 a
556 688 13 b
626 688 13 d
590 690 13 c
658 690 13 e
868 690 43 a
902 690 43 b
938 690 43 c
974 690 43 d
1006 690 43 e
520 728 14 a
554 728 14 b
590 728 14 c
622 728 14 d
974 728 44 d
1006 728 44 e
658 730 14 e
870 730 44 a
904 730 44 b
940 730 44 c
522 766 15 a
660 766 15 e
556 768 15 b
590 768 15 c
622 768 15 d
868 768 45 a
904 768 45 b
938 768 45 c
974 768 45 d
1010 768 45 e
520 868 16 a
558 868 16 b
658 868 16 e
904 868 46 b
588 870 16 c
622 870 16 d
872 870 46 a
940 870 46 c
976 870 46 d
1008 870 46 e
520 906 17 a
554 906 17 b
592 908 17 c
624 908 17 d
658 908 17 e
870 908 47 a
906 908 47 b
940 908 47 c
974 908 47 d
1008 910 47 e
590 946 18 c
520 948 18 a
554 948 18 b
622 948 18 d
656 948 18 e
870 948 48 a
904 948 48 b
936 948 48 c
972 948 48 d
1008 948 48 e
520 986 19 a
556 986 19 b
588 986 19 c
658 986 19 e
904 986 49 b
1008 986 49 e
620 988 19 d
872 988 49 a
938 988 49 c
976 988 49 d
520 1024 20 a
624 1024 20 d 
556 1026 20 b 
588 1026 20 c
660 1026 20 e
870 1026 50 a
906 1026 50 b
940 1026 50 c
976 1026 50 d
1006 1026 50 e
520 1126 21 a
554 1126 21 b
590 1126 21 c
624 1126 21 d
658 1126 21 e
870 1126 51 a
906 1126 51 b
940 1128 51 c
972 1128 51 d
1006 1128 51 e
522 1166 22 a
558 1166 22 b
590 1166 22 c
624 1166 22 d
658 1166 22 e
868 1166 52 a
904 1166 52 b
940 1166 52 c
972 1166 52 d
1010 1168 52 e
522 1204 23 a
556 1204 23 b
658 1204 23 e
590 1206 23 c
622 1206 23 d
870 1206 53 a 
904 1206 53 b
940 1206 53 c
974 1206 53 d
1008 1206 53 e
520 1244 24 a
556 1244 24 b
590 1244 24 c
622 1244 24 d
656 1244 24 e
870 1246 54 a
904 1246 54 b
938 1246 54 c
972 1246 54 d
1008 1246 54 e
522 1284 25 a
554 1284 25 b
588 1284 25 c
622 1284 25 d
658 1284 25 e
868 1284 55 a
906 1284 55 b
940 1284 55 c
974 1284 55 d
1010 1284 55 e
520 1384 26 a
556 1384 26 b
588 1384 26 c
624 1384 26 d
658 1384 26 e
904 1384 56 b
872 1386 56 a
940 1386 56 c
972 1386 56 d
1008 1386 56 e
522 1422 27 a
588 1422 27 c
624 1422 27 d
552 1424 27 b 
658 1424 27 e
870 1424 57 a
906 1424 57 b
938 1424 57 c
974 1424 57 d
1008 1424 57 e
522 1462 28 a
552 1462 28 b
588 1462 28 c
624 1462 28 d
1008 1462 58 e
660 1464 28 e
870 1464 58 a 
904 1464 58 b
940 1464 58 c
974 1464 58 d
522 1502 29 a
556 1502 29 b
588 1502 29 c
624 1502 29 d
656 1502 29 e
870 1502 59 a
906 1502 59 b
940 1502 59 c
976 1502 59 d
1008 1504 59 e
552 1540 30 b
520 1542 30 a
590 1542 30 c
624 1542 30 d
656 1542 30 e
870 1542 60 a
906 1542 60 b
938 1542 60 c
972 1542 60 d
1004 1542 60 e
