82 260 0
82 308 1
82 350 2
82 392 3
82 436 4
82 484 5
82 524 6
82 568 7
82 612 8
82 660 9
122 304 1
122 348 2
124 264 0
124 394 3
124 440 4
124 480 5
124 524 6
124 572 7
124 616 8 
124 658 9
164 260 A
164 304 B
164 436 E
164 480 F
164 572 H
164 614 I
164 658 J
164 706 K
164 750 L
164 790 M
164 838 N
164 882 O
164 924 P
164 1280 X
166 348 C
166 392 D
166 528 G
166 968 Q
166 1016 R
166 1056 S
166 1104 T
166 1146 U 
166 1190 V
166 1238 W
166 1324 Y
166 1366 Z
204 306 1
206 260 0
206 352 2
206 396 3
206 436 4
206 484 5
206 530 6
206 572 7
206 614 8
206 658 9
248 260 0
248 306 1
248 348 2
248 396 3
248 436 4 
248 484 5
248 526 6
248 614 8
248 662 9
250 570 7
276 814 0
276 856 1
276 900 2
276 944 3
276 992 4
276 1032 5
276 1076 6
276 1122 7
276 1166 8
276 1214 9
286 308 1
288 264 0
288 352 2
288 392 3
290 440 4
290 486 5
290 526 6
290 574 7
290 618 8
290 658 9
316 814 0
316 856 1
316 900 2
316 948 3
316 992 4
316 1032 5
316 1122 7
318 1076 6
318 1170 8
318 1214 9
330 264 0
330 306 1
330 348 2
330 392 3
330 440 4
330 482 5
330 526 6
330 574 7
330 618 8
330 658 9
